CDC DIABETES HEALTH INDICATORS - EDA SUMMARY
================================================================================

Dataset Shape: 253,680 rows × 22 columns

DESCRIPTIVE STATISTICS
--------------------------------------------------------------------------------
       Diabetes_binary         HighBP       HighChol      CholCheck            BMI         Smoker         Stroke  HeartDiseaseorAttack   PhysActivity         Fruits        Veggies  HvyAlcoholConsump  AnyHealthcare    NoDocbcCost        GenHlth       MentHlth       PhysHlth       DiffWalk            Sex            Age      Education         Income
count    253680.000000  253680.000000  253680.000000  253680.000000  253680.000000  253680.000000  253680.000000         253680.000000  253680.000000  253680.000000  253680.000000      253680.000000  253680.000000  253680.000000  253680.000000  253680.000000  253680.000000  253680.000000  253680.000000  253680.000000  253680.000000  253680.000000
mean          0.139333       0.429001       0.424121       0.962670      28.382364       0.443169       0.040571              0.094186       0.756544       0.634256       0.811420           0.056197       0.951053       0.084177       2.511392       3.184772       4.242081       0.168224       0.440342       8.032119       5.050434       6.053875
std           0.346294       0.494934       0.494210       0.189571       6.608694       0.496761       0.197294              0.292087       0.429169       0.481639       0.391175           0.230302       0.215759       0.277654       1.068477       7.412847       8.717951       0.374066       0.496429       3.054220       0.985774       2.071148
min           0.000000       0.000000       0.000000       0.000000      12.000000       0.000000       0.000000              0.000000       0.000000       0.000000       0.000000           0.000000       0.000000       0.000000       1.000000       0.000000       0.000000       0.000000       0.000000       1.000000       1.000000       1.000000
25%           0.000000       0.000000       0.000000       1.000000      24.000000       0.000000       0.000000              0.000000       1.000000       0.000000       1.000000           0.000000       1.000000       0.000000       2.000000       0.000000       0.000000       0.000000       0.000000       6.000000       4.000000       5.000000
50%           0.000000       0.000000       0.000000       1.000000      27.000000       0.000000       0.000000              0.000000       1.000000       1.000000       1.000000           0.000000       1.000000       0.000000       2.000000       0.000000       0.000000       0.000000       0.000000       8.000000       5.000000       7.000000
75%           0.000000       1.000000       1.000000       1.000000      31.000000       1.000000       0.000000              0.000000       1.000000       1.000000       1.000000           0.000000       1.000000       0.000000       3.000000       2.000000       3.000000       0.000000       1.000000      10.000000       6.000000       8.000000
max           1.000000       1.000000       1.000000       1.000000      98.000000       1.000000       1.000000              1.000000       1.000000       1.000000       1.000000           1.000000       1.000000       1.000000       5.000000      30.000000      30.000000       1.000000       1.000000      13.000000       6.000000       8.000000

DATA TYPES
--------------------------------------------------------------------------------
float64    22